,BT_C_TEMP,BT_C_DO,BT_N_TEMP,BO_N_DO,Clari_Temp,Clari_DO,Pre-st2_Condu,EQ_Condu,Pre-st2_SS,BT_C_MLSS,BT_C_MVLSS,BT_N_MLSS,BT_N_MVLSS,D_SS,Pre-St2_COD,EQ_COD,BT_N_COD,D_COD_ON,D_TOC_ON_AVG,Pre-St2_ETU_AM,Pre-St2_ETU_PM,OxT_ETU_AM,OxT_ETU_PM,EQ_ETU_AM,EQ_ETU_PM,BT_C_ETU,BT_N_ETU,D_ETU,Pre-St2_TOC,SWWPAC_TOC,EQ_TOC,BT_N_TOC,D_TOC,Clari_1m,Clari_2m,Clari_3m,Clari_4m,Pre-st2_PH,OxT_PH_AM,OxT_PH_PM,EQ_PH,BT_N_PH,D_PH
BT_C_TEMP,1.0,-0.2678142040144976,0.941781257136477,-0.4188109983171433,0.5026262897585005,-0.0058169527286992834,0.02512368029410009,0.1323505405114656,-0.32216726454724043,0.02644237061453676,0.050846992014395055,0.08840021403922348,0.16361821303140833,-0.0262445508769429,0.06258354201528248,-0.13154925706209278,-0.0333216662360769,-0.05372225176996747,-0.05343279383866881,0.2826089453212642,0.2076945685786486,0.14481421454091925,-0.029436684808059346,-0.030421383181428504,-0.1367390867455278,0.19449781536442753,0.2079477177513426,0.07128890040854023,0.161153402797435,0.2995683855649253,0.023149732106906986,-0.1301266110615496,0.06926411609740951,-0.12120103527135738,-0.22623653133919816,-0.037536800545019657,-0.0661249528572516,0.20235200308581244,0.16988397554477014,-0.23990417354694826,-0.07851579004154187,-0.12466744363031709,-0.2315850096738726
BT_C_DO,-0.2678142040144976,1.0,-0.1763506197719517,0.2180130903721941,-0.13963930647146844,-0.25585818817321465,0.2833082168432326,0.22147200441599324,-0.09318153135482696,-0.1624754711026774,-0.13523137768770374,-0.14848321569277445,-0.21028255757515638,0.03016885001058858,-0.006738947881337702,-0.18518908198361902,0.21916412232142105,0.01591563225141456,0.018207592132302358,0.08125575607091909,-0.08375220204906057,0.0008465481207338268,0.10526917771813361,-0.05593573226808077,-0.04080197226336696,-0.02750986490232251,-0.0701908183076171,0.09859582299759607,0.022637581623705185,-0.5774664505007088,-0.07703599876219645,-0.2999421664164258,-0.10245627912416488,0.12257472714820218,0.09813646650955622,0.10923617643032595,0.04759195343364344,0.07487005642317646,-0.03331281528503955,0.0668350674245141,-0.07260228899385439,0.31208618003314237,-0.09863022391507553
BT_N_TEMP,0.941781257136477,-0.1763506197719517,1.0,-0.41560166747339056,0.4714936947114643,0.012156896681674747,-0.01613718251754876,-0.0122422319586155,-0.36003187998591735,0.014275800736211399,0.06910150942678282,0.1625033628857757,0.24923382664132315,-0.08856717204418536,0.08375903468983378,-0.18295168247079568,-0.10215932153505147,-0.07880320747334008,-0.077307542184871,0.3302641793127637,0.21638904009024013,0.12262050898387189,0.007123031467364535,0.002854910661042269,-0.12607312893403805,0.15639488568230184,0.23876415068235288,0.018476249992441393,0.26806517060697227,0.1836708250030958,-0.037384893222694275,-0.14961849988847908,0.006326690449764839,-0.12551857618283838,-0.26678484455740004,-0.02741459039776601,-0.0669415554261003,0.22300155141705943,0.12555977207552987,-0.34443858944173594,-0.21119707153349693,-0.027475388288948174,-0.16911848340116498
BO_N_DO,-0.4188109983171433,0.2180130903721941,-0.41560166747339056,1.0,-0.1916768932116506,0.09691547431629519,-0.05317926593007848,0.17541282553105442,0.17751304866521905,-0.12437405982358873,-0.08042448451245375,-0.12612761309818438,-0.023779489656855776,-0.0795162430779984,-0.3863561762986585,0.018885698389040535,0.02313015261270849,-0.060474546054741334,-0.05950333054071475,-0.437946433678081,-0.2993782646867862,-0.0741326650937803,-0.00844555914203987,-0.13011784551092334,-0.020576597394545836,-0.29485823157212393,0.0487449271137268,-0.23252651527007773,-0.4685480992993493,0.04060641254474291,0.12059938019921357,-0.07393376984018829,-0.23037571377342791,-0.35124192656736136,-0.041034509594515614,0.08551956599959518,-0.008588245949832178,0.36671377946620487,-0.14385759831778341,0.09958594152536109,-0.3351206814251126,0.012618332537707,0.06467432843281555
Clari_Temp,0.5026262897585005,-0.13963930647146844,0.4714936947114643,-0.1916768932116506,1.0,-0.38821729845780567,0.06253271104415996,0.09350067905427707,-0.22866436964432127,0.07978946650272899,0.08532807077514475,0.1648056714705507,0.19378263038965843,-0.0959856196823679,0.09338271544249063,-0.22378539842875925,-0.02657060254821012,-0.07560241370149345,-0.07372447343971007,0.1566971001397449,0.08414083944005128,0.07152533422174012,-0.3509922204477543,0.05955947909758477,-0.003168507470958763,0.09029685507580543,0.21499981458629674,-0.26238018818955405,0.1074815290142205,0.12859779923107953,0.20474685957700137,0.15474168696201987,0.08834040835552853,-0.18414269544091155,-0.14969249765473308,0.003139406768432185,-0.07812336819670063,0.0023462056347566393,0.09205408759985406,-0.19812739676333221,-0.06438513233835821,-0.05451262720004359,0.11576433899726313
Clari_DO,-0.0058169527286992834,-0.25585818817321465,0.012156896681674747,0.09691547431629519,-0.38821729845780567,1.0,-0.3136625703334789,-0.08613487412774049,0.2354852083572133,0.09485181609881868,0.0642495739454445,-0.15253566522050727,-0.0626629004965271,0.020846471102313337,-0.04642201041411978,0.1989253231756667,-0.2353320274336591,0.16386962639107808,0.16344421951219987,-0.005969618993146051,0.07812741078070688,0.020412576227303227,0.25989224445315773,-0.015335906820366322,-0.018193987733001283,-0.2869972612375776,0.06508241589136406,-0.1670396488989909,-0.031171724231787427,-0.12725312894079446,-0.24175746786038654,-0.09256185351763989,-0.3460847456622157,0.016615636682107294,-0.11713550254538022,-0.0578819623012711,-0.00969951817704696,0.23854402644758504,0.0015347644155920264,0.15025150634756868,0.01121439854514955,0.05881814628287296,-0.09391772711843176
Pre-st2_Condu,0.02512368029410009,0.2833082168432326,-0.01613718251754876,-0.05317926593007848,0.06253271104415996,-0.3136625703334789,1.0,-0.27745155806421096,0.26157847000356615,-0.5002562902709251,-0.6633644298767918,0.2131682904364111,-0.03327602619667576,0.08947997047951109,0.04673324934746117,-0.09952195978935992,0.39701334304858726,0.3969525063044574,0.401319976544585,0.012456246906374382,-0.08847067500931165,-0.44849283246636484,-0.5212988107408565,-0.36379057595997494,-0.4149126405438449,0.10036537086020174,-0.12646474283232698,0.3826126786084076,-0.022030726387451224,0.1540166123321373,-0.3259457065790322,0.03215808312176862,0.17273077042929413,0.18694138967655247,0.3577984277566533,-0.043050116503639276,0.07913994757474166,-0.27285954641865257,-0.3677153537875722,-0.043481204290974615,0.05527073576485637,-0.20102780883196295,-0.3185860070849221
EQ_Condu,0.1323505405114656,0.22147200441599324,-0.0122422319586155,0.17541282553105442,0.09350067905427707,-0.08613487412774049,-0.27745155806421096,1.0,-0.3764404649026889,0.15799911162612143,0.265635473201516,-0.5836893146675524,-0.3209517131057556,0.08186113974787909,-0.18785136673398145,0.15095345273933553,-0.05600236406424695,-0.029212310201418006,-0.034186485307941314,-0.12752142858581378,0.5462769616823943,0.3600642041857194,0.3313262066418249,0.0038757853768708536,0.19689438369802,-0.012422564613811568,0.2789321969246026,0.040202269073902556,-0.24114701758214563,0.18073050949663588,0.10733378906313314,-0.3019966211122378,0.09127693000467015,-0.100137686405136,-0.32037219768392633,-0.4521186856581567,-0.5300971981756536,0.023257284842764587,0.35359067889640133,0.25959898151722405,-0.212761207391764,-0.06530243822561799,0.0524416624882749
Pre-st2_SS,-0.32216726454724043,-0.09318153135482696,-0.36003187998591735,0.17751304866521905,-0.22866436964432127,0.2354852083572133,0.26157847000356615,-0.3764404649026889,1.0,0.11688409488807058,-0.10098614141212357,-0.38338720335724047,-0.38745151189760635,0.14030371315726745,-0.03686751462167067,0.18468286942152817,0.01757834963912581,0.2663223758224929,0.2650116860732175,-0.05036132968104426,-0.022681948880279253,-0.1075729385776198,-0.022900906029510358,-0.08030894384524873,-0.036607984988364144,-0.04202203925399086,-0.2840016077510547,-0.034064233536142755,-0.16767790396290008,-0.5142700781790823,0.00945578145064037,-0.0825885931112165,0.035541990224432815,0.21528470609500702,0.17705138716564406,-0.061118732261267045,0.09794273639684853,-0.3228332856812056,-0.065473497789104,0.07414986284574399,0.02928525223499181,0.048774537320227185,-0.19996810799241926
BT_C_MLSS,0.02644237061453676,-0.1624754711026774,0.014275800736211399,-0.12437405982358873,0.07978946650272899,0.09485181609881868,-0.5002562902709251,0.15799911162612143,0.11688409488807058,1.0,0.9589355594065936,0.03675661926329552,0.09127925680892941,-0.5876032366686825,0.12762403585086646,0.11937852721240683,-0.43748196301931913,-0.3311203995485147,-0.3355028336359952,0.07135937094736117,0.02227127481954634,0.322383533629334,0.15930948338273668,0.5097308959450698,0.38284814906932774,-0.017832773275439105,0.16920526236084218,-0.097369100158217,-0.017872976996042,-0.4727950384509447,-0.04692083914641474,-0.2205465185005434,-0.05406606873722435,0.07064469654432745,-0.004476509203053763,-0.025480233277810453,0.05376925853833724,0.043508330957642546,0.32349633320904014,0.10361632344696071,0.09606282586773404,0.21467608845656747,0.21980035412211504
BT_C_MVLSS,0.050846992014395055,-0.13523137768770374,0.06910150942678282,-0.08042448451245375,0.08532807077514475,0.0642495739454445,-0.6633644298767918,0.265635473201516,-0.10098614141212357,0.9589355594065936,1.0,0.11375672725725297,0.23303988065647402,-0.6319020445740715,0.08589432855218529,0.06715986752645604,-0.5116711932584753,-0.36971697335623,-0.3745622715265553,0.054184947697823706,0.028562032592252692,0.3177993608663823,0.17254165840140004,0.49220924849781217,0.3486003761153707,-0.040988259426522754,0.22754955352660253,-0.1099026736533207,0.006134908370038519,-0.2937348387440457,-0.044699027938437844,-0.16313841668919835,-0.098813352590067,0.02653274824429757,-0.0494451562715208,-0.020660489817266543,0.009579682670456233,0.16860244466923852,0.29495296505525537,0.0477515111877133,0.00016683000948976339,0.16727761045379283,0.29819759194712037
BT_N_MLSS,0.08840021403922348,-0.14848321569277445,0.1625033628857757,-0.12612761309818438,0.1648056714705507,-0.15253566522050727,0.2131682904364111,-0.5836893146675524,-0.38338720335724047,0.03675661926329552,0.11375672725725297,1.0,0.8779710470539615,-0.1300766937624392,0.012267582150953069,-0.11561594336069995,0.0512994025146949,0.047502318701897445,0.04906644573655059,0.04321549031209843,-0.016992931572088175,-0.39173289918148724,-0.4581528891656631,-0.1575441563350052,-0.2762037596061855,0.0015337166601758706,-0.060325961816101156,-0.16721953963383124,0.06768797657653403,0.3245643143326478,0.035775825392087374,0.20419777038537718,-0.07884775368335346,0.02561517136121631,-0.020014541372523932,0.005805541450510472,-0.1097002198088527,0.22076978718907067,-0.3768132286329493,-0.181971335407704,0.012784869821575586,-0.07803955952984121,0.1362330857212015
BT_N_MVLSS,0.16361821303140833,-0.21028255757515638,0.24923382664132315,-0.023779489656855776,0.19378263038965843,-0.0626629004965271,-0.03327602619667576,-0.3209517131057556,-0.38745151189760635,0.09127925680892941,0.23303988065647402,0.8779710470539615,1.0,-0.25463037815122747,0.006156464574163516,-0.13540524806629714,0.002194528823996395,-0.08328514682551366,-0.08372138908737864,0.05586408279681936,0.08525612454118059,-0.3473141752654414,-0.40575616854022917,-0.0644396452244374,-0.20792901166708225,-0.04950929973114373,0.0354261851490322,-0.22799829084952628,0.08797555597956638,0.6525699518495109,0.101381333189902,0.17277105838485826,-0.15303283763634465,-0.07495543045530267,-0.12555162909288511,-0.009803877220274225,-0.15923026509423122,0.34697842666228923,-0.3130354501878314,-0.11034099377556461,-0.09351914239410448,-0.1737564794565017,0.22142990842877447
D_SS,-0.0262445508769429,0.03016885001058858,-0.08856717204418536,-0.0795162430779984,-0.0959856196823679,0.020846471102313337,0.08947997047951109,0.08186113974787909,0.14030371315726745,-0.5876032366686825,-0.6319020445740715,-0.1300766937624392,-0.25463037815122747,1.0,0.03354222613417537,0.2036783022981557,0.15831474265130324,0.514525722634373,0.5162417054041096,-0.17255343867490402,0.0314736032086878,0.00867044138287667,0.01913649542224635,-0.5041066759257465,-0.3891689683802164,-0.05617934794441863,-0.10288639875438299,0.12714802777600212,0.04004879475874026,0.24417469800657923,-0.11706309211245457,0.24087818298634392,0.23271655126069432,0.1569764009108333,0.09951324353713713,-0.09813897602090721,-0.16352525953714261,-0.2930694177360792,-0.011036564457618404,-0.17864847778125298,-0.09683486149689421,-0.15874564277984698,-0.15520269457643615
Pre-St2_COD,0.06258354201528248,-0.006738947881337702,0.08375903468983378,-0.3863561762986585,0.09338271544249063,-0.04642201041411978,0.04673324934746117,-0.18785136673398145,-0.03686751462167067,0.12762403585086646,0.08589432855218529,0.012267582150953069,0.006156464574163516,0.03354222613417537,1.0,0.23969974778549097,-0.2373386566006201,-0.06585776450208382,-0.06648581500349264,0.6800036524970094,0.20722918262085796,-0.07208396994613793,-0.05623970834322328,0.022357824680283838,-0.2211569807165636,0.09857441937552074,0.2540756750782398,-0.13558308263671207,0.8765597711508835,-0.6638769703815658,0.004897293114526958,-0.20801885870050565,-0.1497655641791534,0.2628755458153253,-0.1060580614150281,-0.09324541586080354,0.02197733716351529,-0.1802148723359218,-0.03635150121621716,-0.20564493433994654,0.1634561722430057,0.20976872960397908,0.09449476355690196
EQ_COD,-0.13154925706209278,-0.18518908198361902,-0.18295168247079568,0.018885698389040535,-0.22378539842875925,0.1989253231756667,-0.09952195978935992,0.15095345273933553,0.18468286942152817,0.11937852721240683,0.06715986752645604,-0.11561594336069995,-0.13540524806629714,0.2036783022981557,0.23969974778549097,1.0,-0.3136343149372642,0.1744049346920472,0.17430232559270717,-0.12435512926871402,-0.09963594685470158,-0.009694139360146029,0.08958194355269829,-0.23915588792927941,-0.11969640605141488,0.1430305673150146,0.067802305700589,0.039079559750778585,0.08794441730958089,-0.5187278980517536,0.12629517111980484,0.08179495361168966,0.2780863192053992,0.13285217597496385,0.06830358425694551,0.03106349926792487,-0.02521798992527544,-0.1874422430318922,-0.04810498322013485,-0.10914005962291388,-0.01902508537098473,0.11274290153113553,-0.12328917251986146
BT_N_COD,-0.0333216662360769,0.21916412232142105,-0.10215932153505147,0.02313015261270849,-0.02657060254821012,-0.2353320274336591,0.39701334304858726,-0.05600236406424695,0.01757834963912581,-0.43748196301931913,-0.5116711932584753,0.0512994025146949,0.002194528823996395,0.15831474265130324,-0.2373386566006201,-0.3136343149372642,1.0,-0.011062477710521882,-0.005900274953831317,-0.11460605378814002,-0.06878721644068576,-0.12428593723881885,-0.06789897043191544,-0.19890726290613084,-0.04977237103246366,-0.10634869939445485,-0.4367042834047552,0.34287799382019324,-0.21938396790293782,0.25732404913986084,-0.4545766023694825,0.09411021427434844,0.19593737877295445,-0.16618348905226907,-0.014641243027056338,0.01874708278284765,-0.14524986836827633,0.19623431975165434,-0.06594592139408909,0.2654306267777176,0.08608118624023364,-0.10327999445991473,-0.25553282320003073
D_COD_ON,-0.05372225176996747,0.01591563225141456,-0.07880320747334008,-0.060474546054741334,-0.07560241370149345,0.16386962639107808,0.3969525063044574,-0.029212310201418006,0.2663223758224929,-0.3311203995485147,-0.36971697335623,0.047502318701897445,-0.08328514682551366,0.514525722634373,-0.06585776450208382,0.1744049346920472,-0.011062477710521882,1.0,0.9999179662103815,-0.17194358596538284,-0.1263295317176437,-0.16790848006906076,-0.18063180526588105,-0.3897747406868619,-0.35812646728441,-0.1409060441002286,-0.05987179336608314,0.04079921058307912,-0.1317341515901101,0.43603770191882396,-0.2864277686437138,0.34509681195366615,0.23606823596047985,0.39144980572760807,0.2633754973848623,0.07534090986401694,0.04377852324500087,-0.3951523489313698,-0.15853690271955972,-0.09091992782589582,-0.10058407069951765,-0.17310446865969098,-0.23709208486215833
D_TOC_ON_AVG,-0.05343279383866881,0.018207592132302358,-0.077307542184871,-0.05950333054071475,-0.07372447343971007,0.16344421951219987,0.401319976544585,-0.034186485307941314,0.2650116860732175,-0.3355028336359952,-0.3745622715265553,0.04906644573655059,-0.08372138908737864,0.5162417054041096,-0.06648581500349264,0.17430232559270717,-0.005900274953831317,0.9999179662103815,1.0,-0.17201640249562009,-0.1258463745966364,-0.17110801616403498,-0.1835677433882531,-0.39290464831762617,-0.3605396910379931,-0.14257965422487864,-0.06081281675779482,0.04112675971512773,-0.13128998814839185,0.43409180321314816,-0.2883023373377555,0.3456281740989726,0.23653556182298585,0.39041039079393336,0.26266226063711823,0.07454357281077098,0.04250294943835296,-0.3964407771538589,-0.1618628583746474,-0.09374600166951469,-0.10092395253181535,-0.17124409639243937,-0.2381422814750226
Pre-St2_ETU_AM,0.2826089453212642,0.08125575607091909,0.3302641793127637,-0.437946433678081,0.1566971001397449,-0.005969618993146051,0.012456246906374382,-0.12752142858581378,-0.05036132968104426,0.07135937094736117,0.054184947697823706,0.04321549031209843,0.05586408279681936,-0.17255343867490402,0.6800036524970094,-0.12435512926871402,-0.11460605378814002,-0.17194358596538284,-0.17201640249562009,1.0,0.1555063100778312,-0.1715104323087775,-0.16428514040104536,0.01969572347766775,-0.16869594507087307,0.17199068717024102,0.27845216624822466,-0.0008282250250860422,0.7220250750738119,-0.4606824060398966,0.07806731670537932,-0.2814339505754673,-0.23235691933484842,0.09900306986820027,-0.21420189756225858,-0.12527175877257954,-0.05051672516966683,0.03955370998147779,-0.12490045265885576,-0.13317539770446699,0.08904159455206623,0.248293028163734,-0.11536536995187717
Pre-St2_ETU_PM,0.2076945685786486,-0.08375220204906057,0.21638904009024013,-0.2993782646867862,0.08414083944005128,0.07812741078070688,-0.08847067500931165,0.5462769616823943,-0.022681948880279253,0.02227127481954634,0.028562032592252692,-0.016992931572088175,0.08525612454118059,0.0314736032086878,0.20722918262085796,-0.09963594685470158,-0.06878721644068576,-0.1263295317176437,-0.1258463745966364,0.1555063100778312,1.0,-0.12422930347887022,-0.041916418088881524,0.016065300347424743,0.05664739175529083,-0.10077072225592389,0.0012301490847147305,-0.01179742468683353,0.27540573740431273,0.3536889427737066,0.034426038354830414,-0.2661585983584455,-0.03477366048231781,-0.12211637614421503,-0.27380058379299116,-0.2460199253905812,-0.12683766794910398,0.025070718264256938,-0.06385366081423392,0.0191685345826849,0.07466416502198717,-0.034137178177308505,0.08855152663046269
OxT_ETU_AM,0.14481421454091925,0.0008465481207338268,0.12262050898387189,-0.0741326650937803,0.07152533422174012,0.020412576227303227,-0.44849283246636484,0.3600642041857194,-0.1075729385776198,0.322383533629334,0.3177993608663823,-0.39173289918148724,-0.3473141752654414,0.00867044138287667,-0.07208396994613793,-0.009694139360146029,-0.12428593723881885,-0.16790848006906076,-0.17110801616403498,-0.1715104323087775,-0.12422930347887022,1.0,0.8088156740943765,0.37841034688522773,0.42346990502621484,-0.013608659662050833,0.07613667733343983,-0.031354721340544824,-0.06602584757037792,-0.1893928663368317,-0.05071657422398144,-0.11784927729553933,0.04414330752483491,-0.0978343413421264,-0.13427425185001157,-0.053080568812845876,0.0479130559983169,-0.0652381794492826,0.9496768715875935,0.140751511581293,0.07310454349988593,0.08516664126450113,0.07953252777679928
OxT_ETU_PM,-0.029436684808059346,0.10526917771813361,0.007123031467364535,-0.00844555914203987,-0.3509922204477543,0.25989224445315773,-0.5212988107408565,0.3313262066418249,-0.022900906029510358,0.15930948338273668,0.17254165840140004,-0.4581528891656631,-0.40575616854022917,0.01913649542224635,-0.05623970834322328,0.08958194355269829,-0.06789897043191544,-0.18063180526588105,-0.1835677433882531,-0.16428514040104536,-0.041916418088881524,0.8088156740943765,1.0,0.26118755282623146,0.3115696547672113,-0.04928408634032944,0.030000671287724816,0.18693615147682627,0.052882645778244156,-0.22095351917046954,-0.18624225629444235,-0.20108484524252165,0.008519983867893358,-0.01077385218883622,-0.07567198458257851,-0.058599264745218614,0.11271027729859914,0.1035529672580679,0.7128174024372054,0.23436736467942712,0.048021425772331566,0.14173959051895582,-0.0565888751221006
EQ_ETU_AM,-0.030421383181428504,-0.05593573226808077,0.002854910661042269,-0.13011784551092334,0.05955947909758477,-0.015335906820366322,-0.36379057595997494,0.0038757853768708536,-0.08030894384524873,0.5097308959450698,0.49220924849781217,-0.1575441563350052,-0.0644396452244374,-0.5041066759257465,0.022357824680283838,-0.23915588792927941,-0.19890726290613084,-0.3897747406868619,-0.39290464831762617,0.01969572347766775,0.016065300347424743,0.37841034688522773,0.26118755282623146,1.0,0.9353320157445713,0.0264617243489168,-0.05978803933737125,-0.07962034979791617,-0.026131481605104843,-0.4543475290310963,0.08602023600758522,-0.056995919840358865,-0.07115912698686162,-0.003523767744180291,-0.15311171238323307,-0.10446337488668293,0.02316219974736427,-0.06931219456435998,0.44093279267601787,0.37692724539448014,0.1477351501377198,0.2196752168455407,0.23469497739522535
EQ_ETU_PM,-0.1367390867455278,-0.04080197226336696,-0.12607312893403805,-0.020576597394545836,-0.003168507470958763,-0.018193987733001283,-0.4149126405438449,0.19689438369802,-0.036607984988364144,0.38284814906932774,0.3486003761153707,-0.2762037596061855,-0.20792901166708225,-0.3891689683802164,-0.2211569807165636,-0.11969640605141488,-0.04977237103246366,-0.35812646728441,-0.3605396910379931,-0.16869594507087307,0.05664739175529083,0.42346990502621484,0.3115696547672113,0.9353320157445713,1.0,-0.0322750627426707,-0.1312167884121977,0.007041203734529843,-0.269049150581356,-0.4191738349402508,0.14825057587224624,-0.09389113720685353,0.11153015402951744,-0.12999728336404975,-0.14944838581330344,-0.11741175454878686,-0.045309681776111506,-0.0553541901733531,0.4528994510994249,0.35972108247411705,0.16974587074747535,0.19911257265689403,0.04386804763082465
BT_C_ETU,0.19449781536442753,-0.02750986490232251,0.15639488568230184,-0.29485823157212393,0.09029685507580543,-0.2869972612375776,0.10036537086020174,-0.012422564613811568,-0.04202203925399086,-0.017832773275439105,-0.040988259426522754,0.0015337166601758706,-0.04950929973114373,-0.05617934794441863,0.09857441937552074,0.1430305673150146,-0.10634869939445485,-0.1409060441002286,-0.14257965422487864,0.17199068717024102,-0.10077072225592389,-0.013608659662050833,-0.04928408634032944,0.0264617243489168,-0.0322750627426707,1.0,0.27533335609737014,-0.013799773701833568,0.14448921860854277,-0.008152285001378153,0.1890097731162113,-0.10515146516544485,0.013646313128834481,0.07431976641328755,0.17944383815638987,0.08778482496698284,0.041279646653833615,-0.19083065801080298,-0.091680695796646,-0.04733928573411546,0.12677076605851378,-0.1382433630620199,-0.11813966676720215
BT_N_ETU,0.2079477177513426,-0.0701908183076171,0.23876415068235288,0.0487449271137268,0.21499981458629674,0.06508241589136406,-0.12646474283232698,0.2789321969246026,-0.2840016077510547,0.16920526236084218,0.22754955352660253,-0.060325961816101156,0.0354261851490322,-0.10288639875438299,0.2540756750782398,0.067802305700589,-0.4367042834047552,-0.05987179336608314,-0.06081281675779482,0.27845216624822466,0.0012301490847147305,0.07613667733343983,0.030000671287724816,-0.05978803933737125,-0.1312167884121977,0.27533335609737014,1.0,-0.16794969719229186,0.2800247694791901,0.47064699952039496,-0.06214164856847808,-0.200519733523998,-0.12719515323940378,-0.19077017374380997,-0.05817365822674785,0.009289912383946728,-0.019770592684388796,0.1293964322365644,-0.017476319833704353,-0.11081862931614897,-0.13376912127576354,-0.13499814595483464,0.15834807545511329
D_ETU,0.07128890040854023,0.09859582299759607,0.018476249992441393,-0.23252651527007773,-0.26238018818955405,-0.1670396488989909,0.3826126786084076,0.040202269073902556,-0.034064233536142755,-0.097369100158217,-0.1099026736533207,-0.16721953963383124,-0.22799829084952628,0.12714802777600212,-0.13558308263671207,0.039079559750778585,0.34287799382019324,0.04079921058307912,0.04112675971512773,-0.0008282250250860422,-0.01179742468683353,-0.031354721340544824,0.18693615147682627,-0.07962034979791617,0.007041203734529843,-0.013799773701833568,-0.16794969719229186,1.0,-0.036898376141016646,0.27758745382410194,-0.1450741108972454,0.05532577295384512,0.6877697568776362,0.11459866558905428,0.05722749206765758,-0.19903357198020633,-0.12388708907674176,-0.15329249293613031,0.01674265107508966,0.08548474583794584,-0.05012411690220081,0.01807883014252037,-0.2023923878583441
Pre-St2_TOC,0.161153402797435,0.022637581623705185,0.26806517060697227,-0.4685480992993493,0.1074815290142205,-0.031171724231787427,-0.022030726387451224,-0.24114701758214563,-0.16767790396290008,-0.017872976996042,0.006134908370038519,0.06768797657653403,0.08797555597956638,0.04004879475874026,0.8765597711508835,0.08794441730958089,-0.21938396790293782,-0.1317341515901101,-0.13128998814839185,0.7220250750738119,0.27540573740431273,-0.06602584757037792,0.052882645778244156,-0.026131481605104843,-0.269049150581356,0.14448921860854277,0.2800247694791901,-0.036898376141016646,1.0,-0.4326635636609205,-0.052631948667840996,-0.16669173442836613,-0.1552694669026234,0.16730043435205078,-0.17219736150463616,-0.14724301853943417,-0.04291006730792108,-0.12817457545286026,-0.045687600930497924,-0.32280660068111044,0.05935154485010823,0.20170817790343512,0.06975839254403836
SWWPAC_TOC,0.2995683855649253,-0.5774664505007088,0.1836708250030958,0.04060641254474291,0.12859779923107953,-0.12725312894079446,0.1540166123321373,0.18073050949663588,-0.5142700781790823,-0.4727950384509447,-0.2937348387440457,0.3245643143326478,0.6525699518495109,0.24417469800657923,-0.6638769703815658,-0.5187278980517536,0.25732404913986084,0.43603770191882396,0.43409180321314816,-0.4606824060398966,0.3536889427737066,-0.1893928663368317,-0.22095351917046954,-0.4543475290310963,-0.4191738349402508,-0.008152285001378153,0.47064699952039496,0.27758745382410194,-0.4326635636609205,1.0,-0.04120673159615701,0.5286198637608608,0.3567802782186551,-0.10958441250896955,0.2779069767441861,0.09630827553883098,-0.19326342366225507,-0.08923771418202384,-0.21659357152785824,-0.2981067271486919,0.02434165205926031,-0.9910020562781264,0.20264928722660996
EQ_TOC,0.023149732106906986,-0.07703599876219645,-0.037384893222694275,0.12059938019921357,0.20474685957700137,-0.24175746786038654,-0.3259457065790322,0.10733378906313314,0.00945578145064037,-0.04692083914641474,-0.044699027938437844,0.035775825392087374,0.101381333189902,-0.11706309211245457,0.004897293114526958,0.12629517111980484,-0.4545766023694825,-0.2864277686437138,-0.2883023373377555,0.07806731670537932,0.034426038354830414,-0.05071657422398144,-0.18624225629444235,0.08602023600758522,0.14825057587224624,0.1890097731162113,-0.06214164856847808,-0.1450741108972454,-0.052631948667840996,-0.04120673159615701,1.0,-0.08470239819260296,0.03210408172639754,-0.16087664592037773,-0.11992999359746566,-0.08442803216238902,-0.12120054108407691,0.062458941970247366,-0.04897480002620144,-0.02840226946768676,0.06711421947176234,-0.08061867089872496,-0.07908774506020311
BT_N_TOC,-0.1301266110615496,-0.2999421664164258,-0.14961849988847908,-0.07393376984018829,0.15474168696201987,-0.09256185351763989,0.03215808312176862,-0.3019966211122378,-0.0825885931112165,-0.2205465185005434,-0.16313841668919835,0.20419777038537718,0.17277105838485826,0.24087818298634392,-0.20801885870050565,0.08179495361168966,0.09411021427434844,0.34509681195366615,0.3456281740989726,-0.2814339505754673,-0.2661585983584455,-0.11784927729553933,-0.20108484524252165,-0.056995919840358865,-0.09389113720685353,-0.10515146516544485,-0.200519733523998,0.05532577295384512,-0.16669173442836613,0.5286198637608608,-0.08470239819260296,1.0,0.34722458696525244,0.07618734224304899,0.011099945169737944,-0.15725236273563595,-0.21515401871109993,-0.22745204085860007,-0.14039715619079152,-0.07282473590537339,-0.11269271684227099,-0.17062692683271913,0.11609611364390993
D_TOC,0.06926411609740951,-0.10245627912416488,0.006326690449764839,-0.23037571377342791,0.08834040835552853,-0.3460847456622157,0.17273077042929413,0.09127693000467015,0.035541990224432815,-0.05406606873722435,-0.098813352590067,-0.07884775368335346,-0.15303283763634465,0.23271655126069432,-0.1497655641791534,0.2780863192053992,0.19593737877295445,0.23606823596047985,0.23653556182298585,-0.23235691933484842,-0.03477366048231781,0.04414330752483491,0.008519983867893358,-0.07115912698686162,0.11153015402951744,0.013646313128834481,-0.12719515323940378,0.6877697568776362,-0.1552694669026234,0.3567802782186551,0.03210408172639754,0.34722458696525244,1.0,0.1197859719963303,0.11633285292232615,-0.12751518731340064,-0.10092600225573842,-0.31878845460327493,0.0780284469371103,0.09785537547923824,-0.06285252988313472,-0.05991276246205355,-0.1550188146138132
Clari_1m,-0.12120103527135738,0.12257472714820218,-0.12551857618283838,-0.35124192656736136,-0.18414269544091155,0.016615636682107294,0.18694138967655247,-0.100137686405136,0.21528470609500702,0.07064469654432745,0.02653274824429757,0.02561517136121631,-0.07495543045530267,0.1569764009108333,0.2628755458153253,0.13285217597496385,-0.16618348905226907,0.39144980572760807,0.39041039079393336,0.09900306986820027,-0.12211637614421503,-0.0978343413421264,-0.01077385218883622,-0.003523767744180291,-0.12999728336404975,0.07431976641328755,-0.19077017374380997,0.11459866558905428,0.16730043435205078,-0.10958441250896955,-0.16087664592037773,0.07618734224304899,0.1197859719963303,1.0,0.37065314956973766,0.0005579800279030915,0.0025215649149074723,-0.5535406836720564,-0.046368694929974676,0.19844702714545592,0.1903265911534824,0.06806153230925972,-0.07085331192880967
Clari_2m,-0.22623653133919816,0.09813646650955622,-0.26678484455740004,-0.041034509594515614,-0.14969249765473308,-0.11713550254538022,0.3577984277566533,-0.32037219768392633,0.17705138716564406,-0.004476509203053763,-0.0494451562715208,-0.020014541372523932,-0.12555162909288511,0.09951324353713713,-0.1060580614150281,0.06830358425694551,-0.014641243027056338,0.2633754973848623,0.26266226063711823,-0.21420189756225858,-0.27380058379299116,-0.13427425185001157,-0.07567198458257851,-0.15311171238323307,-0.14944838581330344,0.17944383815638987,-0.05817365822674785,0.05722749206765758,-0.17219736150463616,0.2779069767441861,-0.11992999359746566,0.011099945169737944,0.11633285292232615,0.37065314956973766,1.0,0.7394105150629633,0.7078496170354348,-0.45823291739321365,-0.19259551023923,-0.0788738665031817,0.16197020874252302,-0.20465803563657842,0.0634781710079189
Clari_3m,-0.037536800545019657,0.10923617643032595,-0.02741459039776601,0.08551956599959518,0.003139406768432185,-0.0578819623012711,-0.043050116503639276,-0.4521186856581567,-0.061118732261267045,-0.025480233277810453,-0.020660489817266543,0.005805541450510472,-0.009803877220274225,-0.09813897602090721,-0.09324541586080354,0.03106349926792487,0.01874708278284765,0.07534090986401694,0.07454357281077098,-0.12527175877257954,-0.2460199253905812,-0.053080568812845876,-0.058599264745218614,-0.10446337488668293,-0.11741175454878686,0.08778482496698284,0.009289912383946728,-0.19903357198020633,-0.14724301853943417,0.09630827553883098,-0.08442803216238902,-0.15725236273563595,-0.12751518731340064,0.0005579800279030915,0.7394105150629633,1.0,0.8621850277473877,-0.07304152376770041,-0.11321010871946638,-0.23166750890444401,0.06602123669860017,-0.07775905048392413,0.13008296734568417
Clari_4m,-0.0661249528572516,0.04759195343364344,-0.0669415554261003,-0.008588245949832178,-0.07812336819670063,-0.00969951817704696,0.07913994757474166,-0.5300971981756536,0.09794273639684853,0.05376925853833724,0.009579682670456233,-0.1097002198088527,-0.15923026509423122,-0.16352525953714261,0.02197733716351529,-0.02521798992527544,-0.14524986836827633,0.04377852324500087,0.04250294943835296,-0.05051672516966683,-0.12683766794910398,0.0479130559983169,0.11271027729859914,0.02316219974736427,-0.045309681776111506,0.041279646653833615,-0.019770592684388796,-0.12388708907674176,-0.04291006730792108,-0.19326342366225507,-0.12120054108407691,-0.21515401871109993,-0.10092600225573842,0.0025215649149074723,0.7078496170354348,0.8621850277473877,1.0,-0.23558361183219706,0.01774534121261241,-0.1653887450144268,0.16444908362711103,-0.04737879226163601,0.08771871419653901
Pre-st2_PH,0.20235200308581244,0.07487005642317646,0.22300155141705943,0.36671377946620487,0.0023462056347566393,0.23854402644758504,-0.27285954641865257,0.023257284842764587,-0.3228332856812056,0.043508330957642546,0.16860244466923852,0.22076978718907067,0.34697842666228923,-0.2930694177360792,-0.1802148723359218,-0.1874422430318922,0.19623431975165434,-0.3951523489313698,-0.3964407771538589,0.03955370998147779,0.025070718264256938,-0.0652381794492826,0.1035529672580679,-0.06931219456435998,-0.0553541901733531,-0.19083065801080298,0.1293964322365644,-0.15329249293613031,-0.12817457545286026,-0.08923771418202384,0.062458941970247366,-0.22745204085860007,-0.31878845460327493,-0.5535406836720564,-0.45823291739321365,-0.07304152376770041,-0.23558361183219706,1.0,-0.10833362225844793,0.3128471982378344,-0.17388614524774418,0.0820854650109715,-0.1392377574905364
OxT_PH_AM,0.16988397554477014,-0.03331281528503955,0.12555977207552987,-0.14385759831778341,0.09205408759985406,0.0015347644155920264,-0.3677153537875722,0.35359067889640133,-0.065473497789104,0.32349633320904014,0.29495296505525537,-0.3768132286329493,-0.3130354501878314,-0.011036564457618404,-0.03635150121621716,-0.04810498322013485,-0.06594592139408909,-0.15853690271955972,-0.1618628583746474,-0.12490045265885576,-0.06385366081423392,0.9496768715875935,0.7128174024372054,0.44093279267601787,0.4528994510994249,-0.091680695796646,-0.017476319833704353,0.01674265107508966,-0.045687600930497924,-0.21659357152785824,-0.04897480002620144,-0.14039715619079152,0.0780284469371103,-0.046368694929974676,-0.19259551023923,-0.11321010871946638,0.01774534121261241,-0.10833362225844793,1.0,0.2547469205432977,0.16872083970522292,0.09901244586566302,0.05095465033299405
OxT_PH_PM,-0.23990417354694826,0.0668350674245141,-0.34443858944173594,0.09958594152536109,-0.19812739676333221,0.15025150634756868,-0.043481204290974615,0.25959898151722405,0.07414986284574399,0.10361632344696071,0.0477515111877133,-0.181971335407704,-0.11034099377556461,-0.17864847778125298,-0.20564493433994654,-0.10914005962291388,0.2654306267777176,-0.09091992782589582,-0.09374600166951469,-0.13317539770446699,0.0191685345826849,0.140751511581293,0.23436736467942712,0.37692724539448014,0.35972108247411705,-0.04733928573411546,-0.11081862931614897,0.08548474583794584,-0.32280660068111044,-0.2981067271486919,-0.02840226946768676,-0.07282473590537339,0.09785537547923824,0.19844702714545592,-0.0788738665031817,-0.23166750890444401,-0.1653887450144268,0.3128471982378344,0.2547469205432977,1.0,0.21358814669618553,0.08411535885613709,-0.195805250358238
EQ_PH,-0.07851579004154187,-0.07260228899385439,-0.21119707153349693,-0.3351206814251126,-0.06438513233835821,0.01121439854514955,0.05527073576485637,-0.212761207391764,0.02928525223499181,0.09606282586773404,0.00016683000948976339,0.012784869821575586,-0.09351914239410448,-0.09683486149689421,0.1634561722430057,-0.01902508537098473,0.08608118624023364,-0.10058407069951765,-0.10092395253181535,0.08904159455206623,0.07466416502198717,0.07310454349988593,0.048021425772331566,0.1477351501377198,0.16974587074747535,0.12677076605851378,-0.13376912127576354,-0.05012411690220081,0.05935154485010823,0.02434165205926031,0.06711421947176234,-0.11269271684227099,-0.06285252988313472,0.1903265911534824,0.16197020874252302,0.06602123669860017,0.16444908362711103,-0.17388614524774418,0.16872083970522292,0.21358814669618553,1.0,-0.1483626988144323,-0.0730198540613118
BT_N_PH,-0.12466744363031709,0.31208618003314237,-0.027475388288948174,0.012618332537707,-0.05451262720004359,0.05881814628287296,-0.20102780883196295,-0.06530243822561799,0.048774537320227185,0.21467608845656747,0.16727761045379283,-0.07803955952984121,-0.1737564794565017,-0.15874564277984698,0.20976872960397908,0.11274290153113553,-0.10327999445991473,-0.17310446865969098,-0.17124409639243937,0.248293028163734,-0.034137178177308505,0.08516664126450113,0.14173959051895582,0.2196752168455407,0.19911257265689403,-0.1382433630620199,-0.13499814595483464,0.01807883014252037,0.20170817790343512,-0.9910020562781264,-0.08061867089872496,-0.17062692683271913,-0.05991276246205355,0.06806153230925972,-0.20465803563657842,-0.07775905048392413,-0.04737879226163601,0.0820854650109715,0.09901244586566302,0.08411535885613709,-0.1483626988144323,1.0,0.05075734825182983
D_PH,-0.2315850096738726,-0.09863022391507553,-0.16911848340116498,0.06467432843281555,0.11576433899726313,-0.09391772711843176,-0.3185860070849221,0.0524416624882749,-0.19996810799241926,0.21980035412211504,0.29819759194712037,0.1362330857212015,0.22142990842877447,-0.15520269457643615,0.09449476355690196,-0.12328917251986146,-0.25553282320003073,-0.23709208486215833,-0.2381422814750226,-0.11536536995187717,0.08855152663046269,0.07953252777679928,-0.0565888751221006,0.23469497739522535,0.04386804763082465,-0.11813966676720215,0.15834807545511329,-0.2023923878583441,0.06975839254403836,0.20264928722660996,-0.07908774506020311,0.11609611364390993,-0.1550188146138132,-0.07085331192880967,0.0634781710079189,0.13008296734568417,0.08771871419653901,-0.1392377574905364,0.05095465033299405,-0.195805250358238,-0.0730198540613118,0.05075734825182983,1.0
